       0
       0
       0
       0
       0
       0
       0
       0
       0
       0
       0
       0
       0
       0
       0
       0
       0
       0
       0
       1
     677
    1045
    1197
    1286
    1413
    1480
    1683
    1793
    1890
    2060
    2460
    3393
    3571
    2559
    2023
    2230
    2482
    2804
    3105
    3171
    2640
    1758
    1670
    1668
    1961
    2181
    1774
    1466
    1512
    1507
    1413
    1383
    1407
    1426
    1478
    1471
    1375
    1227
    1231
    1166
    1110
    1203
    1173
    1196
    1173
    1174
    1118
    1123
    1093
    1037
    1008
    1045
    1001
     986
     967
    1004
    1020
     990
     937
    1009
     986
     932
     954
     943
     932
     902
     905
     914
     875
    1044
    1117
     856
     753
     781
     710
     735
     720
     719
     731
     743
     726
     911
    3064
    3200
    1010
     510
     466
     494
     514
     532
     471
     450
     467
     471
     456
     498
     741
     566
     454
     558
     516
     448
     405
     347
     435
     418
     442
     464
     415
     570
     461
     364
     371
     381
     369
     346
     349
     341
     353
     348
     376
     581
     502
     382
     397
     709
    1011
     483
     305
     319
     292
     379
     380
     286
     306
     302
     307
     272
     293
     277
     294
     282
     282
     281
     263
     271
     287
     288
     271
     286
     264
     262
     227
     261
     227
     237
     311
     351
     226
     232
     217
     198
     205
     225
     199
     184
     190
     216
     209
     188
     227
     193
     190
     191
     176
     241
     220
     183
     202
     308
     413
     231
     181
     182
     159
     186
     178
     179
     152
     175
     160
     185
     176
     147
     183
     164
     176
     163
     174
     244
     556
     503
     210
     152
     140
     154
     147
     136
     146
     143
     142
     130
     151
     149
     145
     153
     139
     163
     151
     161
     122
     148
     172
     181
     161
     239
     606
     347
     147
     154
     178
     630
    1473
     482
     122
     108
     139
     123
     115
     140
     123
     140
     133
     190
     151
      96
     110
     138
     119
     111
     142
     113
     119
     115
      99
     119
     120
     127
     129
     122
     117
     115
     115
     123
     111
     146
     255
     151
     119
     106
     113
     117
     113
     115
     120
     108
     119
     104
     103
     122
     118
     119
     128
     118
     104
     129
     115
      87
     106
     113
     114
      96
     120
     135
     329
     279
     119
      84
      76
      83
      97
      95
     100
      74
      79
      96
     107
     129
      89
      87
     105
      87
      76
      93
     126
      91
      80
      66
      87
     119
      96
      54
      81
     156
     210
      80
      55
      57
      49
      69
      52
      52
      46
      64
      58
      55
      49
      38
      61
      78
      62
     115
      99
      90
      63
      43
      48
      53
      49
      55
      37
     103
     182
      95
      43
      39
      31
      58
      45
      48
      38
      44
      44
      43
      52
      58
      60
      50
      41
      31
      55
      76
      59
     263
     859
     415
      52
      33
      21
      25
      34
      35
      37
      30
      28
      38
      31
      31
      37
      34
      38
      33
      39
      33
      37
      53
      64
     202
     248
     473
     273
      47
      24
      25
      19
      40
      24
      29
      35
      19
      19
      27
      26
      24
      28
      28
      31
      30
      31
      25
      30
      38
      25
      33
      24
      22
      26
      35
      25
      10
      24
      28
      29
      30
      22
      35
      22
      22
      31
      77
     221
     106
      33
      19
      18
      28
      36
      37
      29
      27
      21
      21
      21
      19
      34
      22
      34
      28
      26
      20
      27
      17
      19
      25
      25
      36
      26
      17
      23
      23
      29
      35
      19
      17
      21
      22
      23
      11
      23
      32
      31
      22
      31
      30
      26
      15
      22
      27
      30
      33
      17
      19
      19
      28
      17
      31
      29
      24
      28
      19
      20
      22
      25
      15
      23
      21
      32
      36
      17
      30
      23
      25
      29
      29
      39
      34
      32
      26
      29
      34
      35
      22
      31
      29
      26
      19
      20
      17
      16
      18
      12
      25
      20
      27
      23
      25
      23
      23
      20
      18
      22
      21
      27
      24
      23
      15
      18
      17
      20
      26
      10
      24
      17
      24
      22
      15
      15
      15
      18
      21
      22
      20
      17
      16
      11
      18
      26
      20
      19
      16
      11
      12
      21
      14
      19
       9
      18
      23
      24
      17
      18
      11
      17
      18
      13
      10
      12
      18
      20
      15
      15
      18
      19
      21
      16
      17
      19
      11
      11
      11
      17
      13
       7
      14
      15
      13
      12
      16
      13
      14
      16
      41
     178
      95
      17
       7
      14
       9
      11
       9
      13
      14
      15
       9
       6
      13
      10
      16
      26
      12
      18
      16
      10
      17
      11
      18
       9
      13
      11
       9
       9
      15
      11
      14
       9
      14
      12
      14
      10
      16
      11
      11
       6
       8
       7
       7
      12
       9
       8
       7
      11
      11
      10
       9
      23
      22
      17
      53
      77
      96
      73
      17
      13
      11
       4
      17
      11
      10
      15
       9
      13
      29
      41
      11
      16
      23
      51
      16
      18
      15
      20
      17
      12
       7
      10
       7
      14
      10
      11
       9
      13
      13
       7
      12
       5
       7
       9
      15
      16
      20
      11
      11
       9
      10
      11
      13
       5
      11
      12
      15
      13
      13
       7
      12
       5
       9
       7
       7
      19
      17
       8
      11
       8
      12
       9
       5
       8
       6
       7
       7
       5
      16
       8
      10
      28
      15
      27
      11
      13
       6
      17
      14
      10
      12
       3
      11
      14
      13
       9
      14
      14
       7
      10
       8
       4
       6
      10
       9
      12
      11
      10
      16
       5
       8
      11
       7
      13
      12
       9
       8
      22
       9
      12
       9
       6
       8
      11
       9
      16
      10
      10
      12
      17
      16
      14
      15
      12
      12
      12
      10
      14
       8
      16
      19
      13
       8
       9
      13
       9
       7
       9
      10
       7
      11
      14
       7
      16
      17
      14
      14
       5
       8
       5
      15
      13
      10
      11
       5
      10
       5
       4
      13
      13
      11
      14
       8
       7
      17
      10
       6
       9
      10
       9
      12
      17
      15
       6
      11
      13
      13
       9
       8
      14
      11
      12
       2
      15
      14
       6
      11
      10
      11
      11
       8
      11
       9
      10
       9
      11
      14
       8
       7
       5
       8
      12
       8
      11
      12
       7
      10
      13
       9
      13
      10
       7
      16
      13
      12
       8
      25
      56
      54
      32
      17
      13
      11
       9
      13
       9
      13
       5
       7
       8
      12
      12
      10
      17
      13
      18
      11
      13
      13
      13
      13
      21
      14
      13
      11
      13
      14
      26
      15
      15
       9
      12
      11
      15
       9
       9
       8
      10
      10
      18
      17
      23
      14
       9
      14
      18
      17
      13
       9
      20
      17
      24
      17
      17
       5
      16
      17
       6
      12
      19
      16
      18
      23
      16
      15
      11
      10
      15
       8
      14
      18
      13
      18
      21
      13
      15
      20
      19
      24
      20
      16
      17
      16
      14
      28
      20
      22
      14
      13
      18
      21
      21
      23
      20
      17
      17
      19
      22
      24
      26
      25
      16
      26
      23
      19
      19
      15
      19
      16
      23
      21
      20
      22
      20
      16
      17
      16
      19
       9
      15
       5
      13
       7
      11
      15
      10
       9
       9
       9
      11
      11
       8
      24
       9
       9
      17
       8
      13
      13
      14
       7
      10
       4
       5
       7
       4
       7
       6
       3
      10
      10
       7
       5
       8
       9
       2
       6
       7
       4
       5
       2
       5
       2
       3
       5
       4
       0
       4
       2
       2
       0
       1
       1
       2
       1
       3
       3
       2
       1
       3
       0
       0
       1
       5
       2
       0
       0
       0
       3
       3
       3
       8
      17
      41
      54
      56
      86
      85
      82
      81
      45
      30
      28
      25
      18
      15
      13
      20
       4
      13
      13
      11
       6
       3
       0
       1
       0
       0
       1
       1
       0
       0
       0
       0
       1
       1
       0
       0
       0
       0
       1
       0
       0
       0
       0
       0
       0
       0
       0
       0
       0
       0
       0
       1
       0
       0
       0
       0
       0
       0
       0
       0
       0
       0
       1
       0
       0
       0
       0
       0
       0
       0
       0
       0
       0
       0
       0
       0
       0
       0
       0
       0
       0
       0
       0
       0
       0
       0
       0
       0
       0
       0
       0
       0
       0
       0
       0
       0
       0
       0
       0
       0
       0
       0
       1
       0
       0
       0
       0
       0
       0
       0
       0
       0
       0
       0
       0
       0
       0
       0
       0
       0
       0
       0
       0
       0
       0
       0
       0
       0
       0
       0
       0
       0
       0
       0
       0
       0
       0
       0
       0
       0
       0
       0
       0
       0
       0
       0
       0
       0
       0
       0
       0
       0
       0
       0
       0
       0
       0
       0
       0
       0
       0
       0
       0
       0
       0
       0
       0
       0
       0
       0
       0
       0
       0
       0
       0
       0
       0
       0
       0
       1
       0
       0
       0
       0
       0
       0
       0
       0
       0
       0
       0
       0
       0
       0
       0
       0
       0
       0
       0
       0
       1
       0
       0
       0
       0
       0
       0
       0
       0
       0
       0
       0
       0
       0
       0
       0
       0
       1
       0
       0
       0
       0
       0
       0
       0
       0
       0
       0
       1
       0
       0
       0
       0
       0
       0
       1
       0
       0
       0
       0
       0
       0
       0
       0
       0
       0
       0
       1
       0
       0
       0
       0
       0
       0
       0
       0
       0
       0
       0
       0
       0
       0
       0
       0
       0
       0
       0
       0
       0
       1
       0
       0
       0
       0
       0
       0
       0
       0
       1
       0
       0
       0
       0
       0
       1
       0
       0
       0
       0
       0
       0
       0
       0
       0
       0
       0
       0
       0
       0
       0
       0
       0
       1
       0
       0
       0
       0
       0
       0
       0
       0
       0
       0
       0
       0
       0
       0
       0
       0
       0
       0
       0
       0
       0
       0
       0
       0
       0
       0
       0
       0
       0
       0
       0
       1
       0
       0
       0
       0
       0
       0
       0
       0
       0
       0
       0
       0
       0
       0
       1
       0
       0
       0
       1
       0
       0
       0
       0
       0
       0
       0
       0
       0
       0
       0
       0
       0
       0
       0
       0
       0
       0
       0
       0
       0
       0
       0
       0
       0
       0
       0
       0
       0
       0
       0
       0
       0
       0
       0
       0
       0
       0
       0
       0
       0
       0
       0
       0
       0
       0
       0
       0
       0
       0
       0
       0
       0
       0
       0
       0
       0
       0
       0
       0
       0
       0
       0
       0
       0
       0
       0
       0
       0
       0
       0
       0
       0
       0
       0
       0
       0
       0
       0
       0
       1
       0
       1
       0
       0
       0
       0
       0
       0
       0
       0
       0
       0
       0
       0
       0
       0
       0
       0
       0
       0
       0
       0
       0
       0
       0
       0
       0
       0
       0
       0
       0
       0
       0
       0
       0
       0
       0
       0
       0
       0
       0
       0
       0
       0
       0
       0
       0
       0
       0
       0
       0
       0
       0
       0
       0
       0
       0
       0
       0
       0
       0
       0
       0
       0
       0
       0
       0
       0
       0
       0
       0
       0
       0
       0
       0
       0
       0
       0
       1
       0
       0
       0
       0
       0
       0
       0
       0
       0
       0
       0
       0
       0
       0
       0
       0
       1
       1
       0
       1
       1
       0
       1
       0
       0
       0
       0
       0
       0
       0
       0
       0
       0
       0
       0
       0
       0
       0
       0
       0
       1
       1
       0
       0
       1
       0
       0
       0
       1
       0
       0
       0
       0
       0
       0
       0
       0
       0
       0
       0
       0
       0
       0
       0
       0
       0
       0
       0
       0
       0
       0
       0
       0
       0
       0
       0
       0
       0
       0
       0
       0
       0
       0
       0
       0
       1
       0
       0
       0
       0
       0
       1
       1
       0
       0
       0
       0
       0
       0
       1
       0
       0
       1
       0
       0
       0
       0
       0
       0
       0
       1
       1
       0
       0
       0
       1
       0
       1
       0
       0
       0
       0
       0
       0
       0
       0
       0
       1
       1
       0
       0
       0
       0
       0
       0
       1
       1
       1
       0
       0
       0
       0
       0
       0
       0
       1
       0
       1
       0
       1
       1
       0
       0
       0
       0
       0
       0
       0
       0
       1
       1
       0
       1
       2
       0
       0
       1
       1
       0
       0
       0
       0
       0
       0
       0
       1
       0
       0
       0
       0
       0
       0
       0
       0
       1
       0
       1
       0
       0
       0
       1
       0
       0
       1
       0
       0
       0
       0
       0
       0
       1
       0
       0
       0
       0
       0
       1
       0
       0
       0
       2
       0
       0
       0
       1
       0
       0
       0
       0
       0
       0
       0
       0
       0
       1
       0
       0
       0
       0
       0
       0
       1
       0
       0
       0
       1
       0
       0
       0
       2
       0
       0
       0
       0
       0
       2
       0
       1
       0
       0
       0
       0
       1
       0
       0
       1
       0
       0
       0
       2
       0
       0
       0
       0
       2
       0
       0
       0
       1
       0
       0
       1
       0
       0
       0
       1
       0
       0
       1
       0
       1
       1
       1
       0
       0
       0
       0
       1
       1
       0
       0
       0
       0
       0
       0
       0
       0
       1
       0
       0
       0
       1
       1
       0
       0
       2
       0
       0
       0
       1
       0
       0
       0
       0
       0
       0
       0
       0
       0
       1
       0
       1
       0
       0
       0
       0
       0
       1
       1
       1
       0
       0
       0
       0
       0
       1
       0
       0
       0
       0
       0
       0
       0
       1
       0
       0
       0
       0
       0
       0
       0
       0
       0
       0
       1
       0
       0
       0
       0
       3
       0
       0
       0
       0
       0
       0
       0
       0
       0
       0
       1
       0
       0
       0
       0
       0
       0
       0
       0
       0
       1
       0
       0
       0
       2
       0
       0
       0
       2
       0
       0
       0
       0
       0
       0
       0
       2
       0
       0
       0
       0
       0
       0
       0
       0
       0
       0
       0
       0
       0
       0
       0
       0
       0
       0
       0
       0
       0
       0
       0
       0
       0
       0
       0
       0
       0
       0
       0
       0