315.42000000000002
316.31999999999999
316.49000000000001 
	317.56
318.13
318
316.38999999999999
314.66000000000003  
	313.68000000000001
313.18000000000001
314.66000000000003  
	315.43000000000001
316.26999999999998
316.81
317.42000000000002 
	318.87
319.87
319.43000000000001
318.00999999999999
315.75
314 
	313.68000000000001
314.83999999999997
316.02999999999997  
	316.73000000000002
317.54000000000002
318.38
319.31  
	320.42000000000002
319.61000000000001
318.42000000000002  
	316.63999999999999
314.82999999999998
315.14999999999998  
	315.94999999999999
316.85000000000002
317.77999999999997  
	318.39999999999998
319.52999999999997
320.41000000000003  
	320.85000000000002
320.44999999999999
319.44
317.25
316.12  
	315.26999999999998
316.52999999999997
317.52999999999997  
	318.57999999999998
318.92000000000002
319.69999999999999  
	321.22000000000003
322.07999999999998
321.31
319.57999999999998 
	317.61000000000001
316.05000000000001
315.82999999999998  
	316.91000000000003
318.19999999999999
319.41000000000003  
	320.07000732421869
320.739990234375
321.39999389648438
322.06  
	321.73000000000002
320.26999999999998
318.54000000000002  
	316.54000000000002
316.70999999999998
317.52999999999997  
	318.55000000000001
319.26999999999998
320.27999999999997  
	320.73000000000002
321.97000000000003
322
321.70999999999998  
	321.05000000000001
318.70999999999998
317.64999999999998  
	317.13999999999999
318.70999999999998
319.25
320.45999999999998 
	321.43000000000001
322.22000000000003
323.54000000000002  
	323.91000000000003
323.58999999999997
322.25999999999999  
	320.20999999999998
318.48000000000002
317.94
319.63
320.87  
	322.17000000000002
322.33999999999997
322.88
324.25  
	324.82999999999998
323.93000000000001
322.38999999999999  
	320.75999999999999
319.10000000000002
319.23000000000002
320.56 
	321.80000000000001
322.39999999999998
322.99000000000001  
	323.73000000000002
324.86000000000001
325.41000000000003
325.19 
	323.97000000000003
321.92000000000002
320.10000000000002  
	319.95999999999998
320.97000000000003
322.48000000000002  
	323.51999999999998
323.88999999999999
325.04000000000002  
	326.00999999999999
326.67000000000002
325.95999999999998
325.13 
	322.89999999999998
321.61000000000001
321.00999999999999  
	322.07999999999998
323.37
324.33999999999997
325.30000000000001 
	326.29000000000002
327.54000000000002
327.54000000000002  
	327.20999999999998
325.98000000000002
324.42000000000002  
	322.91000000000003
322.89999999999998
323.85000000000002  
	324.95999999999998
326.00999999999999
326.50999999999999  
	327.00999999999999
327.62
328.75999999999999
328.39999999999998 
	327.19999999999999
325.27999999999997
323.19999999999999  
	323.39999999999998
324.63999999999999
325.85000000000002  
	326.60000000000002
327.47000000000003
327.57999999999998
329.56 
	329.89999999999998
328.92000000000002
327.88999999999999  
	326.17000000000002
324.68000000000001
325.04000000000002  
	326.33999999999997
327.38999999999999
328.37
329.39999999999998 
	330.13999999999999
331.32999999999998
332.31
331.89999999999998 
	330.69999999999999
329.14999999999998
327.33999999999997  
	327.01999999999998
327.99000000000001
328.48000000000002  
	329.18000000000001
330.55000000000001
331.31999999999999  
	332.48000000000002
332.92000000000002
332.07999999999998  
	331.01999999999998
329.24000000000001
327.27999999999997  
	327.20999999999998
328.29000000000002
329.41000000000003  
	330.23000000000002
331.24000000000001
331.87
333.13999999999999 
	333.80000000000001
333.42000000000002
331.73000000000002  
	329.89999999999998
328.39999999999998
328.17000000000002  
	329.31999999999999
330.58999999999997
331.57999999999998  
	332.38999999999999
333.32999999999998
334.41000000000003  
	334.70999999999998
334.17000000000002
332.88
330.76999999999998 
	329.13999999999999
328.76999999999998
330.13999999999999  
	331.51999999999998
332.75
333.25
334.52999999999997  
	335.89999999999998
336.56999999999999
336.10000000000002  
	334.75999999999999
332.58999999999997
331.41000000000003  
	330.98000000000002
332.24000000000001
333.68000000000001  
	334.80000000000001
335.22000000000003
336.47000000000003  
	337.58999999999997
337.83999999999997
337.72000000000003
336.37 
	334.50999999999999
332.60000000000002
332.37
333.75  
	334.79000000000002
336.05000000000001
336.58999999999997  
	337.79000000000002
338.70999999999998
339.30000000000001
339.12 
	337.56
335.92000000000002
333.74000000000001
333.69999999999999 
	335.13
336.56
337.83999999999997
338.19
339.89999999999998  
	340.60000000000002
341.29000000000002
341
339.38999999999999  
	337.43000000000001
335.72000000000003
335.83999999999997  
	336.93000000000001
338.04000000000002
339.06
340.30000000000001 
	341.20999999999998
342.32999999999998
342.74000000000001  
	342.06999999999999
340.31999999999999
338.26999999999998  
	336.51999999999998
336.68000000000001
338.19
339.44  
	340.56999999999999
341.44
342.52999999999997
343.38999999999999 
	343.95999999999998
343.18000000000001
341.88
339.64999999999998 
	337.80000000000001
337.69
339.08999999999997
340.31999999999999 
	341.19999999999999
342.35000000000002
342.93000000000001  
	344.76999999999998
345.57999999999998
345.13999999999999
343.81 
	342.22000000000003
339.69
339.81999999999999
340.98000000000002 
	342.81999999999999
343.51999999999998
344.32999999999998  
	345.11000000000001
346.88
347.25
346.61000000000001  
	345.22000000000003
343.11000000000001
340.89999999999998  
	341.17000000000002
342.80000000000001
344.04000000000002  
	344.79000000000002
345.81999999999999
347.25
348.17000000000002 
	348.75
348.06999999999999
346.38
344.51999999999998  
	342.92000000000002
342.63
344.06
345.38
346.12
346.79000000000002 
	347.69
349.38
350.04000000000002
349.38
347.77999999999997
345.75 
	344.69999999999999
344.00999999999999
345.5
346.75  
	347.86000000000001
348.31999999999999
349.25999999999999  
	350.83999999999997
351.69999999999999
351.11000000000001
349.37 
	347.97000000000003
346.31
346.22000000000003
347.68000000000001 
	348.81999999999999
350.29000000000002
351.57999999999998  
	352.07999999999998
353.44999999999999
354.07999999999998  
	353.66000000000003
352.25
350.30000000000001
348.57999999999998 
	348.74000000000001
349.93000000000001
351.20999999999998
352.62 
	352.93000000000001
353.54000000000002
355.26999999999998  
	355.51999999999998
354.97000000000003
353.74000000000001  
	351.50999999999999
349.63
349.81999999999999
351.12  
	352.35000000000002
353.47000000000003
354.50999999999999  
	355.18000000000001
355.98000000000002
356.94
355.99000000000001 
	354.57999999999998
352.68000000000001
350.72000000000003  
	350.92000000000002
352.55000000000001
353.91000000000003
