       0
       0
       0
       0
       0
    1460
    4768
   35707
   35873
   12121
    7875
    7115
    6985
    6478
    6432
    6244
    6177
    6060
    5876
    5915
    5856
    5672
    5128
    5064
    5053
    4193
    5773
    8626
    6810
    3547
    4750
    5806
    3436
    1192
     711
     623
     540
     549
     520
     532
     568
     558
     584
     583
     621
     698
     694
     681
     713
     750
     750
     798
     723
     723
     708
     683
     742
     677
     751
     718
     704
     709
     722
     693
     698
     708
     695
     719
     712
     711
     739
     706
     717
     703
     685
     732
     758
     708
     777
     736
     723
     694
     751
     748
     725
     754
     754
     750
     759
     710
     690
     718
     758
     727
     691
     727
     671
     688
     690
     694
     676
     684
     647
     687
     712
     655
     680
     646
     648
     641
     673
     678
     665
     670
     641
     638
     624
     670
     599
     633
     619
     664
     649
     685
     595
     627
     652
     615
     616
     631
     609
     678
     682
     639
     611
     639
     645
     626
     598
     638
     606
     631
     593
     627
     594
     613
     605
     563
     571
     584
     566
     624
     557
     544
     514
     543
     539
     503
     542
     504
     490
     490
     517
     486
     494
     527
     457
     459
     459
     487
     478
     469
     456
     466
     435
     473
     467
     457
     452
     441
     448
     452
     426
     463
     394
     407
     438
     423
     396
     399
     398
     418
     418
     411
     400
     392
     412
     376
     390
     374
     387
     386
     401
     366
     416
     381
     345
     363
     373
     370
     369
     382
     367
     368
     363
     319
     347
     378
     347
     352
     324
     359
     316
     311
     367
     314
     313
     346
     366
     322
     314
     336
     312
     311
     314
     299
     329
     308
     324
     334
     337
     320
     310
     293
     320
     272
     306
     336
     309
     313
     300
     316
     310
     298
     300
     306
     305
     301
     283
     282
     269
     298
     287
     291
     262
     292
     305
     287
     285
     310
     273
     285
     290
     282
     267
     259
     296
     293
     279
     272
     253
     312
     248
     278
     280
     264
     261
     260
     254
     268
     273
     259
     275
     264
     270
     278
     278
     286
     292
     284
     267
     260
     250
     245
     284
     298
     247
     258
     246
     261
     320
     263
     263
     261
     299
     270
     263
     265
     261
     268
     272
     253
     245
     224
     258
     245
     219
     227
     260
     272
     272
     269
     251
     241
     231
     275
     244
     239
     242
     237
     236
     201
     224
     229
     232
     246
     222
     258
     228
     258
     246
     226
     224
     257
     237
     245
     241
     230
     239
     278
     248
     257
     251
     242
     261
     243
     258
     254
     219
     240
     237
     227
     234
     226
     254
     245
     230
     227
     255
     195
     224
     235
     240
     247
     245
     232
     229
     259
     250
     268
     236
     251
     250
     241
     236
     262
     246
     241
     205
     214
     249
     224
     246
     220
     238
     227
     252
     210
     221
     233
     246
     253
     228
     208
     250
     252
     221
     214
     233
     231
     202
     215
     209
     223
     254
     221
     229
     221
     214
     235
     217
     233
     214
     223
     210
     243
     184
     225
     255
     206
     218
     195
     215
     205
     193
     210
     245
     212
     204
     217
     230
     244
     174
     207
     243
     224
     234
     236
     238
     207
     234
     207
     229
     225
     228
     253
     210
     238
     204
     236
     211
     236
     217
     206
     201
     209
     193
     244
     217
     235
     222
     229
     201
     229
     230
     237
     228
     230
     201
     224
     237
     246
     237
     223
     231
     239
     237
     217
     250
     229
     240
     248
     241
     249
     247
     206
     253
     207
     241
     238
     203
     239
     256
     259
     196
     239
     223
     232
     218
     239
     232
     240
     245
     243
     232
     249
     197
     240
     216
     243
     224
     218
     221
     228
     269
     264
     241
     219
     231
     244
     256
     235
     259
     246
     238
     249
     241
     219
     225
     225
     230
     216
     246
     232
     220
     224
     222
     227
     239
     221
     185
     200
     195
     194
     184
     192
     173
     188
     175
     180
     180
     195
     149
     187
     183
     195
     211
     143
     154
     167
     171
     158
     156
     169
     170
     153
     171
     171
     161
     141
     147
     158
     154
     184
     165
     158
     155
     143
     152
     163
     151
     149
     163
     153
     158
     164
     167
     159
     155
     130
     141
     134
     126
     147
     170
     159
     143
     145
     157
     151
     128
     129
     139
     146
     131
     133
     131
     124
     122
     129
     132
     132
     135
     140
     128
     135
     117
     148
     140
     127
     110
     111
     113
     114
     107
     108
      96
     111
     112
     111
     100
     101
     112
     128
     116
     107
      91
     116
     112
     104
     109
     101
     114
     117
     123
     136
     136
     155
     174
     169
     185
     205
     211
     237
     224
     269
     295
     301
     349
     345
     427
     404
     417
     464
     454
     460
     462
     528
     485
     484
     551
     541
     588
     574
     607
     515
     550
     559
     561
     573
     516
     508
     471
     502
     470
     419
     384
     384
     383
     349
     355
     332
     280
     300
     238
     227
     216
     185
     185
     162
     143
     110
     111
     109
      97
      84
      69
      63
      62
      44
      65
      44
      40
      43
      42
      28
      30
      31
      24
      23
      30
      33
      35
      34
      27
      31
      30
      35
      39
      30
      36
      34
      47
      45
      57
      50
      68
     101
      82
      88
     103
     106
     114
     134
     141
     166
     173
     186
     206
     221
     257
     249
     294
     255
     320
     322
     347
     371
     367
     353
     405
     404
     415
     431
     421
     424
     409
     426
     433
     419
     431
     431
     371
     378
     430
     402
     361
     371
     382
     324
     344
     308
     308
     268
     259
     218
     234
     208
     171
     191
     164
     139
     155
     117
     107
     126
      73
      82
      85
      74
      61
      67
      52
      43
      46
      27
      42
      28
      28
      27
      22
      21
      16
      15
      10
      20
      17
      14
      10
      13
      15
      14
      16
      11
      10
      14
       8
      11
      11
       9
      10
      13
      16
      10
      17
      15
      14
      12
      18
      13
       7
      17
      19
      15
      19
      18
      13
      16
      13
      15
      13
      11
      10
      11
      21
      19
      13
      14
      11
      16
      11
      10
      11
       7
       7
      11
       8
       9
       5
       8
       7
      12
       5
      12
       6
       6
       8
      10
       3
       6
       3
       8
       2
       5
       6
       4
       6
       1
       5
       7
       3
       1
       2
       1
       1
       2
       3
       4
       3
       6
       5
       3
       5
       3
       1
       4
       5
       3
       1
       4
       2
       2
       1
       3
       2
       1
       2
       7
       2
       1
       2
       4
       5
       3
       3
       2
       6
       2
       5
       6
       2
       2
       1
       3
       3
       1
       5
       3
       1
       6
       3
       7
       5
       1
       4
       1
       5
       2
       5
       3
       3
       2
       0
       3
       1
       6
       1
       1
       3
       4
       3
       3
       4
       3
       1
       4
       3
       5
       2
       1
       4
       2
       4
       1
       4
       4
       2
       2
       3
       1
       3
       3
       2
       3
       3
       8
       0
       0
       3
       1
       3
       3
       2
       5
       1
       4
       4
       3
       3
       2
       1
       1
       3
       2
       3
       2
       1
       3
       6
       1
       4
       4
       2
       2
       1
       6
       2
       0
       1
       2
       4
       2
       2
       7
       0
       4
       6
       2
       2
       2
       2
       3
       2
       0
       2
       2
       1
       5
       3
       2
       1
       2
       3
       3
       4
       4
       2
       1
       2
       0
       3
       2
       2
       4
       5
       2
       1
       0
       1
       2
       4
       8
       1
       3
       4
       2
       0
       1
       2
       2
       2
       1
       0
       2
       2
       4
       1
       4
       1
       1
       1
       5
       2
       3
       1
       1
       2
       2
       1
       1
       2
       3
       1
       5
       1
       3
       4
       1
       0
       2
       1
       5
       1
       1
       2
       2
       1
       1
       0
       0
       2
       1
       4
       0
       0
       3
       2
       1
       2
       1
       1
       0
       1
       0
       1
       2
       1
       0
       3
       3
       4
       1
       1
       2
       5
       2
       1
       1
       0
       3
       2
       1
       3
       1
       4
       1
       0
       2
       4
       2
       1
       3
       1
       2
       1
       0
       1
       2
       0
       1
       0
       1
       1
       0
       1
       1
       1
       1
       2
       1
       6
       0
       1
       1
       2
       3
       1
       0
       2
       0
       2
       2
       0
       0
       0
       1
       1
       4
       1
       0
       1
       2
       0
       1
       0
       1
       2
       1
       3
       0
       0
       0
       1
       0
       2
       1
       3
       3
       2
       2
       0
       0
       1
       1
       2
       1
       0
       1
       0
       3
       1
       5
       0
       1
       2
       2
       2
       3
       4
       0
       2
       1
       1
       0
       1
       2
       1
       3
       1
       2
       2
       2
       0
       2
       0
       1
       1
       0
       1
       1
       3
       2
       2
       2
       4
       0
       3
       3
       2
       2
       2
       1
       1
       1
       0
       3
       1
       2
       1
       1
       1
       1
       1
       0
       2
       0
       1
       1
       4
       2
       3
       3
       1
       0
       1
       0
       2
       4
       0
       0
       3
       0
       3
       1
       1
       4
       2
       2
       0
       1
       1
       2
       2
       1
       1
       4
       1
       1
       1
       3
       2
       2
       2
       0
       1
       0
       1
       0
       0
       0
       3
       0
       1
       2
       3
       3
       2
       1
       0
       2
       2
       1
       2
       0
       1
       2
       0
       1
       0
       5
       0
       2
       0
       3
       0
       1
       0
       1
       3
       2
       3
       1
       2
       1
       0
       0
       0
       1
       0
       2
       1
       1
       0
       2
       1
       2
       0
       0
       1
       1
       1
       1
       1
       0
       1
       0
       0
       1
       0
       0
       0
       1
       0
       0
       3
       2
       1
       0
       0
       0
       0
       1
       0
       0
       0
       2
       2
       2
       0
       0
       0
       2
       0
       0
       1
       0
       0
       0
       1
       1
       0
       0
       2
       1
       1
       0
       0
       0
       0
       0
       0
       1
       0
       0
       0
       0
       0
       1
       1
       0
       0
       1
       2
       1
       0
       0
       0
       0
       0
       0
       0
       0
       0
       0
       2
       0
       0
       0
       0
       2
       0
       1
       0
       0
       1
       0
       1
       0
       1
       0
       0
       0
       1
       1
       1
       0
       0
       2
       0
       0
       3
       0
       0
       0
       1
       1
       0
       1
       0
       0
       2
       1
       0
       0
       1
       2
       2
       0
       2
       2
       1
       0
       0
       1
       1
       1
       1
       1
       1
       3
       2
       1
       2
       1
       1
       0
       4
       1
       2
       1
       1
       0
       2
       4
       1
       3
       0
       5
       0
       4
       2
       2
       1
       0
       1
       0
       0
       1
       0
       0
       0
       4
       2
       1
       1
       1
       3
       0
       1
       1
       0
       1
       2
       1
       2
       0
       0
       2
       0
       1
       2
       2
       1
       1
       1
       1
       0
       0
       2
       1
       1
       3
       0
       0
       1
       0
       1
       0
       0
       0
       0
       0
       0
       1
       1
       0
       1
       2
       0
       0
       1
       0
       0
       1
       0
       0
       0
       0
       1
       0
       0
       0
       0
       0
       0
       0
       0
       1
       0
       0
       0
       0
       0
       0
       0
       0
       1
       0
       0
       0
       0
       0
       0
       0
       0
       0
       0
       0
       0
       0
       0
       0
       0
       0
       0
       0
       0
       0
       0
       0
       0
       0
       0
       0
       0
       0
       0
       0
       0
       0
       0
       0
       0
       0
       0
       0
       0
       0
       1
       0
       0
       0
       0
       0
       0
       0
       0
       0
       0
       0
       0
       0
       0
       0
       0
       0
       0
       0
       0
       0
       0
       0
       0
       0
       0
       0
       0
       0
       0
       0
       0
       0
       0
       0
       0
       0
       0
       0
       0
       0
       0
       0
       0
       0
       0
       0
       0
       0
       0
       0
       0
       0
       1
       0
       0
       0
       0
       0
       0
       0
       0
       0
       0
       0
       0
       0
       0
       0
       0
       0
       0
       0
       0
       0
       0
       0
       0
       0
       0
       0
       0
       0
       0
       0
       0
       0
       0
       0
       0
       0
       1
       0
       0
       0
       0
       0
       0
       0
       0
       0
       0
       0
       0
       0
       0
       0
       0
       0
       1
       0
       0
       0
       0
       0
       0
       0
       0
       0
       0
       0
       0
       0
       0
       0
       0
       0
       0
       0
       1
       0
       0
       0
       0
       1
       0
       0
       0
       0
       0
       0
       1
       0
       0
       0
       0
       0
       0
       1
       0
       0
       1
       0
       1
       0
       0
       0
       0
       0
       0
       0
       0
       0
       0
       0
       0
       0
       0
       0
       0
       0
       0
       0
       0
       0
       0
       0
       0
       0
       0
       0
       0
       0
       0
       0
       0
       0
       0
       0
       0
       0
       0
       0
       0
       0
       0
       0
       0
       0
       0
       0
       0
       0
       0
       1
       0
       0
       0
       0
       0
       0
       0
       0
       0
       0
       0
       0
       1
       0
       0
       0
       0
       0
       0
       0
       0
       0
       0
       1
       0
       0
       1
       0
       0
       0
       0
       0
       0
       0
       0
       0
       0
       0
       0
       0
       0
       0
       0
       0
       0
       0
       0
       0
       0
       0
       0
       1
       0
       0
       0
       0
       0
       0
       0
       0
       0
       0
       0
       0
       0
       0
       0
       0
       0
       0
       0
       0
       0
       0
       0
       0
       0
       0
       0
       0
       0
       0
       0
       0
       0
       0
       0
       0
       0
       1
       0
       0
       0
       0
       0
       0
       0
       0
       0
       0
       0
       0
       0
       0
       0
       0
       0
       0
       0
       0
       0
       0
       0
       0
       0
       1
       0
       0
       0
       0
       0
       0
       0
       0
       0
       0
       0
       0
       0
       0
       0
       0
       0
       0
       0
       0
       0
       0
       0
       0
       0
       0
       0
       0
       0
       0
       0
       0
       0
       0
       0
       0
       0
       0
       0
       0
       0
       0
       0
       0
       0
       0
       0
       0
       0
       0
       0
       0
       0
       0
       0
       0
       0
       0