$SPEC_ID:
No sample description was entered.
$SPEC_REM:
DET# 1
DETDESC# Plastic
AP# Maestro Version 6.08
$DATE_MEA:
10/17/2018 14:04:59
$MEAS_TIM:
763 823
$DATA:
0 2047
       0
       0
       1
       8
      38
   18073
   64334
  425142
  185427
  175213
  145875
  142985
  166241
  119424
  158730
  328943
  341629
  130575
   40576
   36956
   42368
   53134
   59794
   52219
   36592
   25084
   17775
   13491
   10758
    9288
    8971
    8699
    7858
    7281
    7234
    7068
    6986
    6839
    6855
    6828
    6727
    6828
    6716
    6966
    6986
    7367
    7682
    7992
    8569
    8753
    9081
    8890
    8252
    8050
    7715
    7578
    7731
    7538
    7488
    7396
    7056
    7068
    6710
    6785
    6740
    6814
    6930
    6936
    7062
    7106
    7007
    7160
    7159
    7202
    7276
    7456
    7531
    7494
    7558
    7479
    7651
    7679
    7500
    7757
    7935
    7808
    7735
    7791
    7757
    7923
    8038
    7901
    7783
    7998
    7910
    7922
    7966
    7925
    7946
    8035
    8031
    8013
    8005
    7926
    7877
    8046
    8137
    8195
    8294
    8287
    8609
    8475
    8682
    8741
    9012
    9184
    9244
    9375
    9509
    9486
    9547
    9592
    9639
    9625
    9604
    9530
    9526
    9540
    9461
    9327
    9210
    9325
    9091
    9312
    9078
    9154
    8962
    8928
    8895
    9064
    8955
    8799
    8849
    8694
    8766
    8810
    8739
    8798
    8709
    8731
    8514
    8547
    8434
    8484
    8505
    8565
    8295
    8525
    8359
    8202
    8121
    8287
    8071
    8169
    8241
    8298
    8083
    8006
    8158
    7937
    7897
    7956
    7937
    7808
    7854
    7735
    7668
    7598
    7700
    7607
    7604
    7487
    7527
    7503
    7642
    7340
    7285
    7295
    7402
    7337
    7162
    7202
    7131
    7197
    7047
    7209
    7058
    7076
    7036
    6984
    6962
    7089
    7043
    6966
    6830
    6952
    6845
    6971
    6892
    7009
    6998
    6961
    6864
    6890
    6770
    6827
    6915
    6822
    6680
    6815
    6827
    6798
    6793
    6611
    6730
    6704
    6654
    6761
    6621
    6783
    6706
    6592
    6757
    6786
    6681
    6691
    6850
    6748
    6831
    6916
    6880
    6816
    6903
    6923
    6918
    6773
    6970
    6968
    7076
    7124
    7091
    7122
    7023
    7203
    7150
    7145
    7177
    7296
    7286
    7291
    7345
    7322
    7263
    7346
    7286
    7194
    7298
    7186
    6988
    7027
    6892
    6796
    6746
    6589
    6244
    6207
    6140
    5787
    5642
    5613
    5395
    5005
    4929
    4757
    4457
    4260
    4133
    4019
    3936
    3776
    3649
    3543
    3432
    3296
    3329
    3309
    3045
    3058
    2929
    2948
    2949
    2823
    2887
    2689
    2709
    2756
    2672
    2587
    2521
    2545
    2515
    2437
    2330
    2370
    2274
    2314
    2316
    2152
    2252
    2237
    2077
    2096
    2060
    2073
    1914
    2051
    2090
    1955
    2005
    1821
    1909
    1928
    1894
    1863
    1831
    1800
    1772
    1754
    1681
    1823
    1747
    1683
    1636
    1672
    1630
    1605
    1560
    1659
    1514
    1539
    1543
    1553
    1470
    1441
    1474
    1458
    1412
    1510
    1504
    1503
    1558
    1534
    1589
    1669
    1880
    1949
    2047
    2261
    2633
    2926
    3279
    3914
    4572
    5268
    6164
    7225
    8194
    9411
   10996
   12549
   14143
   16196
   17937
   19960
   22294
   24844
   26692
   28832
   31099
   33414
   35469
   36889
   38992
   40284
   41200
   41794
   42174
   41953
   42099
   41392
   40426
   38829
   37256
   35269
   33451
   31386
   29037
   26603
   24082
   21914
   19212
   17109
   14942
   13274
   11526
    9906
    8498
    7038
    5896
    4897
    4194
    3348
    2802
    2187
    1804
    1394
    1151
     968
     759
     583
     494
     349
     321
     249
     235
     211
     169
     136
     134
     122
     109
     103
      83
     116
     109
     106
      92
      93
      81
      80
      79
      89
      93
      98
      84
      81
      90
      98
      97
      79
      95
      89
      92
      62
      78
      97
      75
      85
      70
      99
      84
      84
      87
      87
      76
      93
      93
      82
      61
      62
      71
      76
      75
      73
      87
      68
      80
      76
      68
      65
      68
      70
      60
      89
      76
      86
      73
      77
      60
      67
      73
      79
      71
      74
      56
      65
      74
      70
      53
      55
      55
      67
      61
      61
      73
      77
      70
      64
      67
      61
      61
      58
      65
      75
      76
      54
      51
      74
      58
      81
      64
      69
      72
      54
      49
      64
      54
      66
      67
      58
      68
      69
      59
      63
      73
      52
      65
      61
      59
      65
      59
      67
      56
      52
      47
      62
      55
      47
      56
      55
      53
      52
      60
      36
      44
      45
      61
      44
      63
      47
      67
      54
      53
      47
      56
      62
      53
      58
      52
      44
      50
      45
      45
      43
      40
      49
      32
      55
      58
      55
      54
      41
      45
      48
      47
      48
      52
      43
      40
      39
      56
      37
      42
      36
      43
      49
      44
      45
      34
      38
      39
      36
      47
      32
      41
      43
      37
      33
      44
      44
      45
      42
      39
      33
      33
      43
      33
      37
      40
      38
      28
      28
      42
      29
      41
      35
      29
      32
      30
      37
      27
      31
      30
      35
      40
      33
      33
      27
      43
      31
      37
      34
      34
      44
      25
      32
      30
      28
      29
      34
      30
      21
      22
      34
      27
      28
      21
      27
      33
      43
      28
      26
      31
      30
      33
      34
      37
      28
      19
      40
      33
      18
      27
      23
      27
      21
      23
      21
      22
      27
      21
      27
      27
      24
      25
      22
      18
      29
      30
      16
      19
      20
      23
      26
      13
      26
      14
      24
      20
      20
      20
      20
      19
      24
      18
      18
      22
      17
      12
      26
      20
      20
      22
      26
      10
      26
      14
      21
      28
      23
      17
      23
      15
      20
      32
      25
      19
      25
      22
      14
      16
      17
      17
      21
      18
      25
      14
      24
      17
      15
      27
      19
      25
      25
      20
      22
      26
      25
      27
      22
      26
      23
      28
      24
      24
      26
      19
      21
      24
      20
      31
      20
      24
      28
      23
      22
      30
      25
      21
      28
      27
      25
      32
      20
      30
      22
      32
      17
      35
      26
      21
      25
      28
      20
      26
      15
      23
      28
      28
      21
      19
      20
      18
      29
      20
      14
      14
      18
      16
      17
      10
      12
      13
      12
      11
      11
      11
      12
       9
      16
      10
      11
       7
       2
       5
       6
       7
       5
       8
       3
       6
       5
       5
       9
       9
       4
       5
      13
      11
       4
      14
      14
      10
      12
      10
      12
       9
      20
      13
       9
       9
      12
      15
      12
       9
      14
      15
      18
      11
       8
      22
      14
      12
      13
      21
      18
      12
      23
      12
      18
      12
      12
       8
      11
      10
      17
      14
      10
      10
      10
       8
      12
      10
      13
      10
       9
       6
      11
      10
       7
      11
       4
       8
       8
       9
       3
       4
       6
       1
       1
       1
       2
       3
       4
       9
       4
       3
       0
       3
       1
       6
       2
       2
       2
       2
       1
       2
       2
       5
       3
       3
       1
       4
       1
       1
       2
       3
       1
       5
       1
       3
       1
       2
       1
       5
       4
       3
       1
       2
       4
       2
       2
       2
       2
       4
       1
       2
       0
       4
       0
       0
       4
       4
       2
       1
       1
       2
       2
       1
       2
       0
       2
       5
       1
       2
       1
       3
       0
       3
       0
       3
       1
       2
       2
       0
       0
       4
       1
       3
       1
       0
       1
       2
       2
       2
       3
       4
       3
       0
       0
       2
       1
       2
       0
       2
       1
       0
       2
       1
       0
       2
       1
       0
       3
       2
       0
       1
       0
       3
       0
       1
       4
       1
       2
       2
       0
       2
       1
       0
       1
       1
       0
       1
       1
       0
       2
       1
       1
       0
       1
       3
       0
       2
       3
       1
       1
       1
       1
       0
       2
       2
       3
       1
       1
       0
       0
       0
       0
       3
       2
       0
       1
       1
       1
       4
       1
       1
       0
       1
       2
       0
       4
       2
       2
       2
       2
       1
       2
       3
       3
       1
       0
       3
       2
       5
       5
       2
       2
       1
       1
       1
       0
       5
       0
       0
       0
       1
       0
       0
       2
       5
       1
       3
       4
       1
       2
       1
       0
       2
       0
       1
       1
       3
       1
       1
       1
       5
       1
       1
       1
       0
       0
       1
       1
       0
       1
       2
       0
       0
       0
       0
       1
       2
       2
       0
       1
       1
       0
       0
       0
       2
       2
       1
       1
       0
       1
       0
       0
       3
       1
       0
       0
       1
       0
       0
       1
       1
       0
       2
       3
       0
       0
       0
       1
       0
       3
       2
       0
       2
       2
       2
       2
       1
       1
       0
       0
       1
       0
       1
       2
       0
       1
       0
       0
       0
       0
       0
       0
       1
       3
       0
       1
       0
       1
       1
       1
       0
       0
       1
       0
       1
       1
       2
       1
       0
       1
       1
       2
       1
       0
       0
       1
       0
       0
       0
       0
       1
       5
       0
       2
       1
       2
       2
       0
       1
       3
       1
       1
       0
       1
       0
       2
       0
       1
       1
       1
       1
       1
       2
       1
       0
       1
       1
       1
       2
       0
       1
       2
       1
       3
       1
       0
       2
       2
       0
       4
       0
       0
       3
       1
       1
       1
       1
       2
       1
       1
       0
       3
       1
       0
       1
       3
       2
       2
       0
       1
       0
       2
       5
       1
       1
       1
       1
       3
       1
       0
       0
       0
       1
       2
       1
       1
       0
       0
       3
       3
       0
       0
       1
       0
       1
       0
       0
       3
       1
       1
       0
       0
       0
       1
       1
       1
       1
       2
       1
       3
       0
       1
       1
       0
       0
       1
       1
       1
       0
       0
       2
       0
       0
       0
       0
       0
       1
       0
       0
       2
       1
       0
       0
       2
       1
       2
       0
       0
       0
       4
       0
       1
       0
       3
       0
       0
       0
       1
       1
       0
       0
       1
       0
       0
       0
       0
       2
       0
       0
       0
       1
       1
       0
       1
       1
       0
       0
       0
       0
       0
       0
       2
       1
       2
       0
       1
       0
       0
       0
       1
       1
       0
       1
       0
       1
       0
       0
       1
       2
       0
       0
       3
       1
       1
       0
       0
       1
       0
       0
       0
       0
       1
       1
       1
       0
       2
       0
       1
       0
       0
       0
       1
       0
       1
       1
       0
       1
       0
       0
       0
       0
       0
       0
       0
       1
       1
       0
       1
       0
       0
       1
       0
       2
       1
       1
       0
       1
       0
       0
       0
       1
       2
       0
       0
       0
       0
       1
       0
       0
       0
       0
       0
       0
       2
       1
       1
       1
       1
       1
       0
       1
       0
       1
       1
       0
       0
       0
       0
       0
       0
       0
       0
       2
       0
       0
       0
       0
       1
       1
       0
       0
       0
       1
       1
       0
       0
       1
       0
       0
       0
       0
       0
       0
       0
       0
       0
       0
       0
       1
       0
       0
       0
       1
       0
       0
       1
       1
       0
       1
       1
       0
       0
       2
       1
       1
       0
       0
       0
       1
       0
       0
       0
       0
       0
       1
       0
       1
       1
       0
       0
       0
       1
       1
       2
       1
       1
       0
       2
       0
       5
       1
       0
       2
       1
       0
       1
       1
       2
       3
       1
       0
       3
       1
       1
       3
       1
       1
       2
       1
       2
       0
       0
       0
       1
       1
       1
       2
       3
       2
       1
       0
       2
       1
       3
       1
       0
       0
       0
       0
       1
       2
       0
       0
       0
       1
       1
       1
       0
       0
       1
       0
       0
       0
       1
       0
       1
       0
       0
       1
       1
       2
       0
       0
       0
       0
       0
       0
       0
       0
       1
       0
       1
       1
       0
       0
       2
       0
       1
       0
       0
       0
       0
       0
       0
       0
       0
       0
       0
       0
       0
       0
       0
       0
       0
       0
       0
       0
       0
       0
       0
       0
       0
       0
       0
       0
       0
       0
       0
       0
       0
       0
       0
       0
       0
       0
       1
       0
       0
       0
       0
       0
       0
       0
       0
       0
       0
       0
       0
       0
       0
       0
       0
       0
       0
       0
       0
       0
       0
       0
       0
       0
       0
       0
       0
       0
       0
       0
       0
       0
       0
       0
       0
       1
       0
       0
       0
       0
       0
       0
       0
       0
       0
       0
       0
       0
       0
       0
       0
       0
       0
       0
       0
       0
       0
       1
       0
       0
       0
       0
       0
       0
       0
       0
       0
       0
       0
       0
       0
       0
       0
       0
       1
       0
       0
       0
       0
       1
       0
       0
       0
       0
       0
       0
       0
       0
       0
       0
       0
       0
       0
       0
       0
       0
       0
       0
       0
       0
       0
       0
       0
       0
       0
       0
       0
       0
       0
       0
       0
       1
       0
       0
       0
       0
       0
       0
       0
       0
       0
       0
       0
       0
       0
       0
       0
       0
       1
       0
       0
       0
       0
       0
       0
       0
       0
       0
       0
       0
       0
       0
       0
       0
       0
       1
       0
       0
       0
       0
       0
       0
       0
       0
       0
       0
       0
       0
       0
       0
       0
       0
       0
       0
       0
       0
       0
       0
       0
       0
       0
       0
       0
       0
       0
       0
       0
       0
       0
       0
       0
       0
       0
       0
       0
       0
       0
       0
       0
       0
       0
       0
       0
       0
       0
       0
       0
       0
       0
       0
       0
       0
       0
       0
       0
       0
       0
       0
       0
       0
       0
       0
       0
       0
       0
       0
       0
       0
       0
       1
       0
       0
       0
       0
       0
       0
       0
       0
       0
       0
       0
       0
       0
       0
       0
       0
       0
       0
       0
       0
       0
       0
       0
       0
       0
       0
       0
       0
       0
       0
       0
       0
       0
       0
       0
       0
       0
       0
       0
       0
       0
       1
       0
       0
       0
       0
       0
       0
       0
       0
       0
       0
       0
       0
       0
       0
       0
       0
       0
       0
       0
       0
       0
       0
       0
       0
       0
       0
       0
       0
       0
       0
       0
       0
       0
       1
       0
       0
       0
       0
       0
       0
       0
       0
       0
       0
       0
       0
       0
       0
       0
       0
       1
       0
       0
       0
       0
       0
       0
       0
       0
       0
       0
       0
       0
       0
       0
       0
       0
       0
       0
       0
       0
       0
       0
       0
       0
       0
       0
       0
       0
       0
       0
       0
       0
       0
       0
       0
       0
       0
       0
       0
       0
       0
       0
       0
       0
       0
       0
       0
       0
       0
       0
       0
       0
       0
       0
       0
       0
       0
       0
       0
       0
       0
       0
       0
       0
       0
       0
       0
       0
       0
       0
       0
       0
       0
       0
       0
       0
       0
       0
       0
       0
       0
       0
$ROI:
2
913 963
1495 1601
$PRESETS:
None
0
0
$ENER_FIT:
-17.243958 1.695333
$MCA_CAL:
3
-1.724396E+001 1.695333E+000 0.000000E+000 keV
$SHAPE_CAL:
3
0.000000E+000 0.000000E+000 0.000000E+000
