$SPEC_ID:
No sample description was entered.
$SPEC_REM:
DET# 1
DETDESC# Plastic
AP# Maestro Version 6.08
$DATE_MEA:
10/17/2018 13:35:46
$MEAS_TIM:
652 986
$DATA:
0 2047
       0
       0
     400
     624
    1485
   60509
  247613
 1603270
  707775
  799448
  662439
  852020
 1238923
 1132648
  657683
  446037
  380210
  341005
  314415
  294145
  276621
  261794
  249384
  239422
  220200
  194861
  185610
  175046
  177007
  236969
  278018
  221815
  144953
  110905
   96921
   87832
   80238
   74345
   68578
   64666
   61295
   60221
   58358
   54534
   49801
   47966
   47109
   47638
   48284
   49486
   49138
   48821
   47368
   45841
   44022
   42298
   41750
   41156
   40831
   40134
   38914
   38240
   37378
   37125
   36186
   36369
   35930
   36316
   36504
   36566
   36707
   36836
   36865
   36980
   37209
   37226
   37828
   38094
   38113
   38221
   38204
   38682
   38645
   39324
   38902
   39442
   39324
   39671
   39316
   40007
   40021
   40054
   40105
   40141
   40074
   39900
   40552
   40761
   40672
   40808
   41374
   41149
   41325
   41993
   42576
   42618
   43334
   43623
   44538
   44631
   45137
   45117
   45565
   46048
   45783
   46051
   46103
   46344
   46105
   46074
   46221
   46163
   45922
   45531
   45605
   45517
   44988
   45234
   45212
   45085
   45129
   45567
   45954
   45115
   45485
   45639
   45376
   45277
   45721
   45111
   45135
   45557
   45587
   45330
   45018
   44936
   44878
   44835
   45021
   44721
   45284
   44737
   45218
   44740
   44665
   44895
   44722
   44542
   44088
   44536
   44078
   44019
   43502
   43817
   43598
   43286
   43171
   43561
   43095
   43495
   42915
   42611
   42813
   42217
   42621
   42516
   42131
   42074
   41850
   41696
   41691
   41618
   41638
   41929
   41287
   41535
   41315
   41298
   41163
   41098
   40738
   40430
   40275
   39867
   39674
   39575
   38560
   38079
   37588
   37058
   36154
   35541
   34655
   33858
   33197
   32481
   31235
   30823
   30009
   29330
   28876
   28459
   28062
   27332
   27159
   26636
   26163
   25732
   25922
   25672
   25547
   25256
   24832
   24548
   24669
   24504
   24138
   24105
   24096
   23958
   23815
   23392
   23497
   23291
   23450
   23393
   23276
   22966
   22745
   23012
   22679
   22893
   22712
   22782
   22699
   22667
   22747
   22592
   22473
   22521
   22675
   22635
   22279
   22240
   22269
   22619
   22171
   22122
   22296
   22392
   22290
   22056
   22062
   22024
   22202
   22189
   22308
   22125
   22184
   22383
   22244
   22149
   22373
   22182
   22291
   22469
   22835
   22764
   22967
   22880
   23356
   23602
   24026
   24504
   25152
   26488
   28068
   29680
   31869
   34116
   37167
   41585
   45801
   50854
   57411
   64067
   71453
   79969
   88427
   98059
  107981
  118619
  129119
  139832
  149395
  158855
  168412
  175384
  182378
  187298
  191327
  193136
  193006
  191245
  187879
  181741
  175399
  168382
  157352
  147456
  137699
  125828
  115258
  105053
   94642
   84063
   75994
   66517
   59022
   52359
   46185
   41011
   36388
   32329
   29150
   26544
   23970
   22148
   20286
   18768
   17482
   16313
   15661
   14598
   14010
   13722
   13042
   12536
   11831
   11621
   11359
   11055
   10588
   10405
   10376
    9922
    9625
    9877
    9575
    9573
    9254
    9255
    9157
    9226
    9191
    9051
    8861
    8978
    8827
    8762
    8755
    8733
    8852
    8550
    8715
    8404
    8756
    8515
    8528
    8450
    8463
    8523
    8550
    8520
    8473
    8281
    8500
    8471
    8338
    8283
    8332
    8376
    8562
    8359
    8343
    8257
    8423
    8431
    8311
    8199
    8409
    8265
    8197
    8187
    8304
    8221
    8282
    8223
    8351
    8151
    8199
    8207
    8279
    8295
    8288
    8242
    8319
    8239
    8068
    8195
    8155
    8214
    8283
    8200
    8085
    8310
    8260
    8223
    8199
    8029
    8202
    8049
    8040
    8042
    8118
    7971
    8128
    7952
    8092
    8093
    8047
    8195
    7972
    7800
    8146
    8078
    7993
    8025
    8107
    8049
    7858
    7989
    7871
    7876
    7954
    7965
    7968
    8088
    8052
    8061
    7908
    7949
    8073
    7809
    7981
    7891
    7944
    7895
    8001
    7848
    7699
    7925
    8023
    7791
    7785
    7982
    7888
    7800
    7771
    7890
    7829
    7773
    7912
    7802
    7906
    7660
    7808
    7710
    7820
    7861
    7736
    7672
    7664
    7661
    7748
    7785
    7680
    7569
    7594
    7696
    7654
    7592
    7605
    7534
    7641
    7492
    7599
    7392
    7719
    7604
    7541
    7625
    7478
    7600
    7582
    7713
    7413
    7603
    7646
    7362
    7836
    7416
    7642
    7385
    7537
    7648
    7542
    7447
    7522
    7556
    7555
    7420
    7558
    7564
    7481
    7490
    7658
    7664
    7813
    7691
    7451
    7469
    7624
    7794
    7566
    7443
    7590
    7662
    7544
    7500
    7651
    7732
    7680
    7667
    7683
    7727
    7599
    7755
    7889
    7802
    7841
    7743
    7918
    7917
    7856
    7840
    7823
    7906
    7865
    7914
    8004
    7896
    8004
    8039
    8020
    8064
    7937
    8171
    8073
    8235
    8066
    8419
    8213
    8184
    8174
    8150
    8223
    8378
    8401
    8236
    8322
    8351
    8310
    8333
    8302
    8473
    8355
    8322
    8410
    8239
    8364
    8233
    8238
    8194
    8230
    8117
    8030
    8213
    8172
    8063
    7972
    7871
    7714
    7777
    7514
    7496
    7425
    7111
    7131
    7042
    6820
    6710
    6629
    6601
    6414
    6230
    6171
    5962
    5809
    5608
    5535
    5287
    5193
    5068
    5088
    4864
    4829
    4804
    4629
    4450
    4370
    4406
    4256
    4111
    3984
    4081
    3886
    3765
    3833
    3730
    3752
    3539
    3527
    3475
    3400
    3470
    3483
    3299
    3228
    3291
    3124
    3146
    3177
    3035
    3064
    3051
    2893
    2890
    2843
    2831
    2843
    2838
    2824
    2787
    2773
    2750
    2781
    2714
    2586
    2675
    2614
    2664
    2544
    2608
    2571
    2452
    2477
    2562
    2425
    2497
    2415
    2501
    2469
    2507
    2495
    2506
    2512
    2405
    2356
    2449
    2387
    2356
    2530
    2378
    2463
    2418
    2433
    2458
    2536
    2587
    2620
    2514
    2517
    2567
    2669
    2722
    2841
    2938
    2940
    3054
    3104
    3292
    3458
    3661
    3853
    4057
    4308
    4544
    4938
    5284
    5729
    6173
    6623
    7057
    7480
    8143
    8864
    9548
   10283
   11098
   11863
   12768
   13679
   14290
   15056
   16060
   16690
   17715
   18331
   19502
   20114
   20810
   21582
   22229
   23000
   23284
   23757
   24284
   24558
   24889
   24742
   24753
   24998
   24789
   24739
   24132
   23737
   23279
   22683
   22078
   21370
   20938
   20192
   19319
   18494
   17581
   16799
   15677
   15051
   14224
   13236
   12356
   11627
   10715
   10047
    9527
    8791
    8048
    7436
    6861
    6383
    5900
    5318
    4900
    4596
    3984
    3800
    3356
    3232
    2993
    2731
    2473
    2229
    2098
    1929
    1757
    1589
    1548
    1468
    1404
    1288
    1217
    1170
    1069
    1071
    1017
     982
    1005
     899
     866
     808
     850
     736
     783
     769
     793
     737
     787
     695
     758
     723
     737
     692
     694
     725
     680
     664
     723
     696
     700
     681
     656
     670
     718
     656
     646
     660
     687
     652
     633
     601
     618
     689
     670
     726
     640
     673
     648
     619
     644
     605
     612
     637
     623
     624
     613
     639
     625
     606
     669
     582
     616
     611
     654
     600
     601
     612
     599
     595
     556
     595
     564
     617
     617
     600
     617
     622
     584
     579
     552
     572
     557
     567
     589
     564
     618
     555
     553
     588
     574
     574
     531
     517
     544
     538
     559
     559
     530
     535
     532
     493
     495
     505
     533
     497
     537
     486
     515
     505
     501
     462
     486
     510
     495
     473
     514
     477
     459
     451
     457
     480
     484
     490
     442
     422
     443
     435
     438
     454
     442
     429
     430
     435
     443
     434
     417
     388
     384
     377
     382
     389
     422
     399
     379
     387
     314
     348
     370
     357
     364
     320
     361
     337
     371
     346
     359
     361
     317
     344
     307
     274
     300
     280
     330
     328
     316
     344
     316
     356
     314
     319
     278
     313
     295
     292
     279
     262
     246
     268
     232
     270
     270
     273
     261
     280
     286
     263
     258
     270
     242
     263
     237
     251
     270
     286
     269
     256
     251
     239
     247
     248
     247
     257
     260
     250
     266
     233
     248
     248
     272
     257
     224
     258
     249
     241
     248
     272
     249
     272
     266
     267
     244
     242
     235
     267
     255
     245
     287
     275
     272
     266
     244
     291
     259
     267
     313
     334
     330
     309
     295
     309
     300
     316
     344
     333
     330
     360
     329
     367
     364
     379
     372
     412
     415
     377
     419
     453
     427
     439
     428
     455
     435
     491
     471
     476
     481
     454
     509
     477
     484
     466
     438
     418
     423
     425
     454
     414
     424
     400
     404
     389
     378
     345
     362
     396
     378
     318
     301
     285
     289
     273
     258
     234
     245
     218
     218
     206
     214
     204
     191
     188
     164
     180
     152
     141
     139
     149
     119
     133
     121
     100
     102
     107
     101
     102
     100
     103
      83
     100
      67
      81
      76
      75
      75
      77
      64
      64
      59
      59
      64
      67
      60
      56
      55
      54
      52
      68
      58
      77
      53
      61
      56
      60
      59
      56
      64
      62
      53
      67
      60
      62
      61
      64
      48
      48
      58
      50
      58
      58
      45
      55
      48
      50
      65
      52
      54
      54
      52
      49
      48
      48
      53
      34
      36
      43
      53
      49
      51
      47
      55
      37
      77
      53
      45
      48
      47
      37
      49
      50
      44
      52
      54
      41
      51
      42
      43
      47
      47
      55
      42
      34
      51
      42
      40
      37
      41
      45
      39
      28
      37
      39
      42
      41
      38
      49
      40
      33
      62
      42
      40
      43
      41
      59
      40
      48
      35
      36
      42
      43
      43
      44
      41
      41
      39
      43
      37
      43
      44
      45
      34
      33
      37
      46
      30
      44
      44
      46
      27
      20
      35
      31
      35
      37
      25
      42
      35
      40
      37
      37
      30
      37
      36
      32
      27
      30
      28
      47
      40
      30
      37
      52
      32
      38
      44
      25
      34
      30
      37
      25
      32
      28
      34
      25
      32
      36
      40
      31
      29
      28
      30
      27
      25
      30
      19
      22
      33
      22
      45
      44
      32
      25
      39
      29
      32
      30
      28
      19
      29
      21
      26
      23
      18
      24
      26
      35
      32
      29
      25
      28
      19
      27
      34
      21
      37
      32
      25
      24
      24
      19
      22
      14
      25
      24
      33
      24
      18
      15
      21
      29
      30
      22
      26
      23
      35
      16
      21
      24
      28
      27
      30
      21
      29
      26
      25
      23
      26
      21
      27
      21
      18
      27
      25
      29
      25
      27
      21
      17
      27
      23
      17
      27
      18
      22
      14
      13
      18
      25
      21
      26
      17
      21
      16
      15
      19
      17
      20
      24
      19
      22
      18
      22
      19
      19
      18
      20
      20
      11
      11
      15
      22
      18
      13
      18
      18
      19
      16
      12
       9
      19
      12
      14
      16
      14
      14
      15
      21
      15
       8
      19
      17
      22
      12
      12
       8
      14
       9
       8
      19
      11
      12
      11
       7
      14
       9
      10
      12
      15
      12
      13
      14
      13
      22
      13
      17
      20
      10
      10
      10
      14
       9
       9
       7
      12
       8
      10
      10
       8
      12
      14
       7
      12
      11
       8
      17
       9
      10
       6
      12
       8
      13
      12
       9
      11
      19
      12
      12
      11
      15
      12
      14
      14
      10
      16
       5
      13
      24
      13
      15
      19
      14
      16
      17
      10
      14
      13
      15
      17
      22
      14
      18
      15
      15
       9
       8
      10
       7
       8
      14
      12
      14
      10
      21
      19
      20
      12
      14
      14
      10
      13
      11
      12
      13
      10
      19
      20
      14
      11
      13
      12
      10
       9
      12
       8
      11
      14
       7
      11
      22
      11
      14
      19
      10
       9
       5
      10
      13
      10
      14
      15
       7
      11
      12
      12
       8
       7
       7
      14
       6
      10
       9
       7
       8
       7
       6
      11
       7
       8
       6
       8
       3
       5
       3
       3
       6
       4
       6
       2
       1
       3
       7
       4
       3
       3
       5
       3
       0
       2
       1
       2
       5
       0
       0
       0
       2
       3
       2
       2
       1
       1
       0
       1
       3
       3
       3
       6
       0
       1
       1
       2
       3
       3
       1
       0
       0
       4
       1
       2
       1
       1
       3
       1
       1
       0
       3
       1
       2
       2
       2
       5
       1
       0
       2
       1
       2
       1
       1
       2
       2
       4
       1
       3
       2
       1
       2
       1
       3
       1
       2
       1
       1
       1
       2
       0
       1
       1
       1
       3
       1
       0
       1
       0
       3
       1
       2
       2
       2
       2
       1
       1
       2
       3
       2
       4
       1
       1
       0
       1
       2
       0
       1
       1
       0
       5
       1
       1
       2
       3
       0
       0
       1
       0
       3
       0
       1
       1
       1
       0
       0
       0
       2
       3
       0
       0
       0
       0
       3
       0
       0
       2
       1
       1
       0
       3
       0
       2
       1
       4
       0
       1
       2
       1
       0
       2
       3
       1
       2
       0
       2
       1
       0
       1
       0
       1
       0
       0
       0
       1
       0
       2
       1
       1
       0
       2
       2
       0
       2
       0
       1
       0
       0
       1
       1
       0
       1
       0
       1
       0
       1
       2
       1
       0
       0
       0
       3
       2
       2
       2
       1
       1
       1
       0
       0
       0
       1
       1
       1
       0
       0
       0
       0
       0
       0
       1
       1
       1
       2
       2
       0
       2
       0
       0
       0
       1
       0
       0
       0
       1
       0
       0
       1
       0
       0
       0
       3
       0
       0
       0
       0
       1
       1
       0
       0
       1
       0
       1
       0
       1
       0
       1
       1
       1
       0
       0
       0
       0
       0
       0
       1
       0
       0
       1
       1
       0
       0
       1
       0
       0
       1
       1
       0
       1
       0
       0
       0
       0
       0
       0
       0
       0
       2
       1
       0
       0
       3
       1
       0
       0
       1
       1
       1
       0
       0
       1
       0
       0
       0
       0
       0
       0
       0
       0
       0
       2
       0
       0
       0
       1
       0
       0
       1
       0
       1
       0
       0
       0
       0
       0
       0
       0
       0
       1
       0
       0
       1
       0
       0
       0
       0
       0
       0
       0
       1
       0
       0
       0
       0
       0
       1
       0
       0
       0
       1
       0
       0
       0
       1
       1
       0
       0
       0
       0
       0
       0
       1
       0
       0
       0
       0
       0
       0
       0
       0
       0
       0
       0
       0
       0
       2
       0
       0
       0
       0
       0
       0
       0
       1
       0
       0
       0
       0
       0
       1
       0
       0
       0
       0
       0
       0
       0
       0
       0
       0
       0
       0
       0
       0
       1
       0
       0
       0
       0
       1
       1
       0
       0
       0
       1
       1
       0
       0
       0
       0
       0
       0
       0
       0
       0
       0
       0
       0
       0
       0
       0
       0
       0
       0
       0
       0
       0
       0
       0
       0
       0
       0
       0
       0
       0
       0
       0
       0
       0
       0
       0
       0
       0
       0
       0
       0
       0
       0
       0
       0
       0
       0
       0
       0
       0
       0
       0
       0
       0
       0
       0
       0
       0
       0
       0
       0
$ROI:
2
913 963
1495 1601
$PRESETS:
None
0
0
$ENER_FIT:
0.000000 0.000000
$MCA_CAL:
3
0.000000E+000 0.000000E+000 0.000000E+000 
$SHAPE_CAL:
3
0.000000E+000 0.000000E+000 0.000000E+000
