$SPEC_ID:
No sample description was entered.
$SPEC_REM:
DET# 1
DETDESC# Plastic
AP# Maestro Version 6.08
$DATE_MEA:
10/17/2018 15:38:20
$MEAS_TIM:
715 726
$DATA:
0 2047
       0
       0
       1
       2
       2
    3390
   12740
   93840
   54311
   30834
   21473
   20173
   20061
   20734
   18946
   13599
   10878
   10830
   10746
    9669
    9434
   10904
   10508
    7560
    4503
    3499
    3492
    3325
    3326
    3192
    3092
    2837
    2952
    3065
    3007
    3038
    3456
    3709
    3232
    2697
    2608
    2661
    2586
    2623
    2851
    3050
    3360
    3817
    4525
    5026
    5290
    5086
    4880
    4512
    4246
    3973
    4224
    4698
    4989
    5574
    6473
    6543
    5635
    4126
    3143
    2729
    2550
    2478
    2588
    2396
    2340
    2255
    1993
    1777
    1625
    1494
    1435
    1518
    1440
    1508
    1509
    1500
    1509
    1545
    1595
    1605
    1499
    1448
    1522
    1611
    1541
    1514
    1517
    1510
    1667
    1563
    1570
    1586
    1609
    1532
    1559
    1599
    1465
    1495
    1592
    1548
    1585
    1495
    1622
    1571
    1588
    1525
    1532
    1519
    1614
    1610
    1586
    1565
    1613
    1639
    1610
    1550
    1729
    1677
    1704
    1777
    1813
    1801
    1848
    1879
    1789
    1802
    1855
    1823
    1800
    1900
    1944
    2046
    2177
    2346
    2693
    2947
    3263
    3513
    3876
    4134
    4146
    4146
    4122
    3952
    3759
    3566
    3275
    2799
    2556
    2269
    2097
    1830
    1757
    1594
    1537
    1464
    1484
    1503
    1545
    1485
    1447
    1500
    1461
    1523
    1445
    1413
    1367
    1399
    1314
    1380
    1257
    1274
    1285
    1266
    1262
    1207
    1277
    1210
    1269
    1200
    1172
    1206
    1259
    1180
    1208
    1213
    1208
    1287
    1228
    1317
    1359
    1403
    1466
    1491
    1470
    1539
    1546
    1560
    1545
    1606
    1688
    1654
    1513
    1490
    1490
    1365
    1445
    1245
    1198
    1167
    1096
     969
    1012
     944
     861
     864
     859
     850
     802
     810
     802
     814
     816
     794
     806
     801
     769
     774
     713
     825
     778
     768
     722
     731
     745
     757
     784
     801
     747
     747
     790
     760
     745
     715
     715
     755
     705
     735
     743
     742
     723
     741
     677
     712
     667
     713
     676
     690
     664
     697
     632
     708
     640
     758
     687
     716
     756
     736
     800
     747
     774
     787
     772
     766
     772
     777
     799
     764
     747
     759
     695
     764
     684
     698
     721
     786
     727
     711
     823
     794
     812
     824
     838
     820
     889
     893
     902
     933
     974
     943
     926
     966
     943
     931
     966
     942
     905
     888
     890
     820
     832
     821
     780
     767
     679
     668
     681
     632
     630
     610
     619
     610
     639
     639
     674
     667
     709
     717
     757
     774
     781
     898
     837
     944
     978
     973
    1053
    1087
    1125
    1195
    1190
    1182
    1295
    1344
    1297
    1315
    1252
    1271
    1231
    1259
    1168
    1095
    1034
     947
     971
     876
     836
     757
     802
     683
     660
     623
     589
     550
     563
     483
     481
     446
     487
     436
     438
     424
     441
     415
     408
     414
     427
     414
     413
     408
     377
     393
     364
     415
     396
     425
     433
     402
     401
     447
     417
     383
     405
     424
     438
     395
     400
     388
     378
     393
     389
     336
     355
     383
     358
     370
     368
     392
     375
     407
     404
     378
     377
     380
     408
     411
     397
     412
     427
     404
     442
     462
     432
     438
     455
     424
     450
     458
     424
     448
     433
     446
     452
     465
     422
     422
     430
     405
     372
     394
     398
     378
     362
     405
     352
     386
     368
     340
     387
     324
     337
     347
     375
     349
     340
     363
     351
     379
     354
     365
     335
     354
     364
     349
     341
     339
     331
     313
     332
     351
     327
     342
     349
     266
     301
     316
     318
     286
     277
     266
     277
     265
     268
     276
     290
     267
     263
     276
     269
     279
     286
     272
     257
     289
     280
     288
     280
     282
     271
     267
     273
     280
     289
     331
     278
     297
     276
     320
     297
     334
     350
     312
     299
     334
     325
     330
     343
     358
     378
     381
     358
     402
     460
     456
     460
     528
     476
     540
     539
     535
     602
     583
     572
     599
     594
     579
     608
     620
     615
     572
     597
     564
     586
     526
     580
     548
     508
     488
     524
     509
     517
     503
     420
     474
     427
     427
     434
     415
     443
     507
     480
     482
     475
     489
     452
     456
     460
     509
     454
     475
     448
     507
     440
     442
     415
     400
     408
     382
     377
     345
     352
     306
     347
     290
     275
     232
     285
     245
     231
     192
     219
     162
     185
     170
     154
     159
     148
     137
     115
     121
     121
     110
     124
     102
     104
     108
      88
     105
     113
      86
     100
      79
      96
      93
      88
     105
     105
     108
      91
      93
      84
     101
     111
      97
      95
      84
     122
      92
      89
      84
     101
     113
      76
      91
     102
     106
      87
     107
      93
     114
      97
      99
     107
     115
      90
      86
     102
      78
     109
     106
     106
     107
      90
     131
     113
      91
      94
     119
     104
     114
      95
      84
      99
     113
      98
     112
      96
      87
      82
      97
      82
      75
     101
      89
      92
      94
      92
      79
      99
      92
      98
      96
      80
      87
      81
      84
      65
      81
      77
      90
      81
      94
      77
      72
      71
      75
      93
      82
      80
      90
      80
      98
      78
      80
      86
      91
      71
     100
      89
      95
      85
     100
      87
      71
      77
     105
      81
      94
      90
      82
      80
      87
      98
      85
     102
      89
      85
      89
      82
      93
      83
      81
      77
      75
      98
      92
      77
      88
      82
      84
      90
      70
      79
     104
      81
      85
      83
      76
      65
      64
      72
      80
      86
      80
      81
      69
      70
      69
      75
      91
      75
      81
      85
      84
      68
      75
      68
      65
      89
      72
      79
      75
      66
      61
      68
      61
      71
      71
      67
      80
      70
      77
      61
      76
      86
      67
      58
      71
      72
      60
      65
      72
      74
      68
      82
      67
      74
      74
      67
      67
      71
      60
      57
      69
      69
      65
      75
      72
      77
      65
      62
      52
      70
      61
      57
      60
      68
      68
      56
      68
      72
      61
      54
      57
      67
      51
      59
      54
      68
      65
      53
      58
      52
      61
      60
      60
      70
      57
      62
      59
      62
      78
      80
      77
      64
      77
      67
      76
      56
      67
      72
      74
      75
      65
      77
      70
      70
      56
      54
      76
      81
      75
      92
      61
      80
      72
      67
      73
      76
      72
      48
      77
      84
      77
      77
      73
      70
      64
      74
      60
      73
      58
      59
      82
      66
      77
      65
      69
      50
      73
      79
      64
      79
      74
      73
      65
      70
      88
      83
      81
      65
      74
      75
      70
      79
      79
      79
      99
      97
      87
      99
     106
      95
      94
      92
     103
     115
     108
     116
     117
     131
     100
     122
     137
     119
     125
     126
     109
     135
     140
     122
     140
     144
     109
     121
     125
     133
     126
     132
     123
     128
     139
     100
     126
     139
     131
     119
      93
     126
     105
     101
      86
     109
      89
     100
     101
      92
     107
      96
     104
      82
      95
      81
      81
      86
      93
      60
      90
      85
      80
      81
      69
      66
      83
      59
      74
      87
      83
      67
      77
      67
      51
      59
      51
      48
      61
      57
      49
      59
      63
      51
      54
      66
      59
      54
      53
      64
      54
      50
      64
      50
      46
      44
      49
      58
      48
      42
      49
      48
      61
      48
      40
      33
      44
      44
      58
      56
      53
      59
      47
      54
      41
      52
      56
      54
      54
      48
      38
      50
      46
      44
      45
      54
      47
      53
      52
      50
      45
      51
      65
      55
      56
      47
      44
      53
      49
      46
      68
      43
      44
      50
      51
      66
      48
      43
      52
      51
      41
      41
      33
      43
      57
      49
      48
      49
      46
      46
      58
      55
      57
      64
      43
      48
      50
      39
      43
      43
      62
      39
      44
      38
      32
      68
      46
      55
      49
      47
      48
      55
      50
      50
      51
      47
      47
      54
      40
      44
      42
      42
      67
      59
      51
      40
      41
      45
      52
      60
      62
      55
      55
      57
      49
      49
      47
      56
      47
      45
      49
      45
      39
      54
      54
      47
      56
      53
      46
      55
      37
      53
      51
      54
      44
      55
      52
      56
      49
      48
      51
      47
      42
      43
      50
      50
      43
      44
      43
      38
      41
      45
      32
      54
      35
      49
      34
      44
      56
      47
      54
      50
      34
      39
      47
      39
      47
      46
      35
      45
      44
      31
      40
      40
      47
      48
      45
      44
      34
      45
      41
      44
      53
      36
      51
      46
      51
      40
      39
      36
      47
      42
      40
      30
      53
      47
      55
      41
      46
      35
      29
      46
      39
      38
      46
      46
      44
      47
      49
      42
      60
      45
      51
      42
      52
      57
      63
      53
      45
      58
      45
      61
      60
      69
      68
      55
      62
      67
      57
      61
      79
      71
      54
      78
      82
      74
      96
      88
      80
      66
      76
     109
      95
      72
      89
      78
      82
      79
      84
      78
      80
      96
      76
      87
      80
      84
      78
      88
      76
      78
      68
      68
      83
      74
      72
      82
      79
      75
      74
      81
      65
      61
      76
      74
      74
      79
      60
      60
      67
      74
      43
      64
      57
      55
      54
      62
      49
      57
      58
      61
      54
      50
      52
      60
      64
      56
      50
      50
      41
      59
      53
      57
      61
      48
      52
      49
      65
      53
      42
      58
      56
      46
      49
      59
      54
      64
      49
      57
      62
      58
      55
      48
      53
      51
      63
      63
      58
      66
      75
      63
      56
      51
      48
      57
      59
      66
      58
      61
      45
      80
      46
      60
      68
      51
      80
      60
      63
      60
      47
      66
      63
      69
      62
      47
      55
      58
      56
      51
      63
      57
      67
      67
      57
      61
      54
      55
      55
      60
      63
      61
      62
      66
      65
      53
      55
      58
      56
      44
      50
      52
      56
      41
      54
      45
      56
      53
      52
      50
      45
      54
      33
      39
      43
      36
      38
      48
      34
      39
      34
      35
      32
      47
      26
      29
      38
      30
      36
      37
      30
      52
      34
      39
      21
      28
      24
      26
      40
      22
      33
      27
      23
      36
      20
      27
      25
      30
      26
      18
      21
      20
      19
      18
      18
      38
      24
      18
      20
      21
      17
      21
      21
      20
      16
      24
      11
      10
      12
      13
      13
      15
      15
      19
      19
       6
      19
      13
      18
      17
      13
      11
      17
      13
       5
      14
      18
      11
      11
      18
      14
      13
      12
      12
      10
      15
      14
      10
      12
       6
      10
       6
      13
       7
      13
      11
       7
      12
      14
      14
      10
      14
      17
      11
      21
      18
      15
      28
      33
      11
      25
      27
      25
      27
      24
      15
      30
      25
      26
      37
      40
      34
      41
      46
      40
      38
      56
      76
      66
      60
      69
      69
      62
      76
      96
      78
      84
      92
      87
      98
      95
     101
      82
     104
     109
     125
     121
     119
     129
     132
     132
     127
     122
     122
     149
     126
     136
     158
     150
     155
     122
     116
     135
     105
     144
     133
     148
     145
     112
     121
     118
     100
     116
     112
     101
      98
     103
     114
      96
      99
      70
     100
      94
      95
      79
      87
      69
      80
      74
      59
      64
      62
      43
      53
      49
      49
      50
      39
      43
      43
      39
      22
      20
      36
      23
      24
      27
      20
      33
      16
      20
      21
      16
      17
      17
      16
       9
      10
       9
      17
       7
      10
       1
       9
       7
       7
      11
       4
       5
       3
       1
       6
       6
       0
       5
       3
       4
       0
       0
       1
       0
       5
       3
       5
       0
       0
       0
       1
       1
       1
       0
       2
       0
       1
       0
       3
       2
       1
       0
       1
       0
       0
       0
       1
       1
       1
       0
       0
       0
       0
       0
       0
       0
       0
       0
       1
       0
       0
       1
       0
       0
       0
       1
       0
       0
       2
       1
       1
       1
       1
       0
       1
       1
       0
       0
       1
       0
       0
       0
       2
       0
       1
       1
       0
       2
       0
       0
       1
       0
       1
       0
       0
       0
       0
       0
       0
       1
       0
       0
       0
       0
       2
       2
       0
       1
       0
       1
       0
       0
       0
       0
       0
       0
       0
       1
       1
       0
       0
       1
       0
       0
       0
       0
       0
       0
       0
       0
       0
       0
       0
       0
       0
       2
       1
       1
       0
       0
       0
       0
       1
       2
       0
       0
       0
       0
       0
       0
       0
       0
       1
       0
       2
       1
       0
       0
       0
       1
       0
       0
       0
       0
       0
       0
       0
       0
       0
       0
       0
       0
       0
       0
       0
       0
       1
       0
       0
       0
       1
       0
       0
       1
       0
       0
       0
       0
       1
       0
       0
       0
       0
       0
       0
       0
       0
       1
       0
       1
       0
       0
       0
       0
       0
       0
       0
       0
       0
       0
       0
       0
       0
       0
       0
       0
       0
       0
       0
       0
       0
       0
       0
       1
       0
       0
       0
       0
       0
       2
       0
       0
       0
       0
       0
       0
       0
       0
       0
       1
       0
       0
       0
       0
       0
       0
       1
       0
       0
       0
       0
       0
       0
       0
       0
       1
       1
       0
       0
       1
       0
       0
       0
       0
       0
       0
       0
       0
       0
       1
       0
       0
       0
       0
       0
       1
       0
       0
       0
       1
       0
       0
       0
       1
       0
       1
       1
       0
       0
       0
       1
       1
       0
       0
       0
       0
       0
       2
       0
       1
       1
       1
       1
       0
       0
       2
       0
       0
       0
       0
       0
       1
       0
       0
       0
       0
       0
       0
       1
       0
       0
       0
       0
       0
       0
       0
       1
       0
       1
       1
       0
       1
       1
       0
       0
       1
       0
       0
       0
       0
       0
       1
       1
       0
       0
       0
       0
       1
       0
       1
       0
       0
       1
       0
       0
       0
       0
       0
       0
       0
       0
       0
       0
       0
       1
       0
       0
       0
       0
       0
       0
       0
       0
       0
       0
       0
       0
       0
       0
       0
       0
       0
       0
       0
       0
       0
       0
       0
       0
       0
       0
       0
       0
       0
       0
       0
       0
       0
       0
       0
       0
       0
       0
       0
       0
       0
       0
       0
       0
       0
       0
       0
       0
       0
       0
       0
       0
       0
       0
       0
       0
       0
       0
       0
       0
       0
       0
       0
       0
       0
       0
       0
       0
       0
       0
       0
       0
       0
       0
       0
$ROI:
2
913 963
1495 1601
$PRESETS:
None
0
0
$ENER_FIT:
-42.060928 1.801220
$MCA_CAL:
3
-4.206093E+001 1.801220E+000 -7.216170E-005 keV
$SHAPE_CAL:
3
0.000000E+000 0.000000E+000 0.000000E+000
